+----+------+---------+------+---------+-----+---------------+-----------------+
| MC | RTCL | nonRTCL | n_RT | n_nonRT | SCL | Server Status |   Pre-empted    |
|    |      |         |      |         |     |               |    remaining    |
|    |      |         |      |         |     |               |  service time   |
+====+======+=========+======+=========+=====+===============+=================+
| 0  | 3    | 5       | 0    | 0       | 4   | 2             | 0               |
+----+------+---------+------+---------+-----+---------------+-----------------+
| 3  | 8    | 5       | 0    | 1       | 7   | 1             | 1               |
+----+------+---------+------+---------+-----+---------------+-----------------+
| 5  | 8    | 15      | 0    | 2       | 7   | 1             | 1               |
+----+------+---------+------+---------+-----+---------------+-----------------+
| 7  | 8    | 15      | 0    | 1       | 8   | 2             | 0               |
+----+------+---------+------+---------+-----+---------------+-----------------+
| 8  | 13   | 15      | 0    | 1       | 12  | 1             | 0               |
+----+------+---------+------+---------+-----+---------------+-----------------+
| 12 | 13   | 15      | 0    | 0       | 14  | 2             | 0               |
+----+------+---------+------+---------+-----+---------------+-----------------+
| 13 | 18   | 15      | 0    | 1       | 17  | 1             | 1               |
+----+------+---------+------+---------+-----+---------------+-----------------+
| 15 | 18   | 25      | 0    | 2       | 17  | 1             | 1               |
+----+------+---------+------+---------+-----+---------------+-----------------+
| 17 | 18   | 25      | 0    | 1       | 18  | 2             | 0               |
+----+------+---------+------+---------+-----+---------------+-----------------+
| 18 | 23   | 25      | 0    | 1       | 22  | 1             | 0               |
+----+------+---------+------+---------+-----+---------------+-----------------+
| 22 | 23   | 25      | 0    | 0       | 24  | 2             | 0               |
+----+------+---------+------+---------+-----+---------------+-----------------+
| 23 | 28   | 25      | 0    | 1       | 27  | 1             | 1               |
+----+------+---------+------+---------+-----+---------------+-----------------+
| 25 | 28   | 35      | 0    | 2       | 27  | 1             | 1               |
+----+------+---------+------+---------+-----+---------------+-----------------+
| 27 | 28   | 35      | 0    | 1       | 28  | 2             | 0               |
+----+------+---------+------+---------+-----+---------------+-----------------+
| 28 | 33   | 35      | 0    | 1       | 32  | 1             | 0               |
+----+------+---------+------+---------+-----+---------------+-----------------+
| 32 | 33   | 35      | 0    | 0       | 34  | 2             | 0               |
+----+------+---------+------+---------+-----+---------------+-----------------+
| 33 | 38   | 35      | 0    | 1       | 37  | 1             | 1               |
+----+------+---------+------+---------+-----+---------------+-----------------+
| 35 | 38   | 45      | 0    | 2       | 37  | 1             | 1               |
+----+------+---------+------+---------+-----+---------------+-----------------+
| 37 | 38   | 45      | 0    | 1       | 38  | 2             | 0               |
+----+------+---------+------+---------+-----+---------------+-----------------+
| 38 | 43   | 45      | 0    | 1       | 42  | 1             | 0               |
+----+------+---------+------+---------+-----+---------------+-----------------+
| 42 | 43   | 45      | 0    | 0       | 44  | 2             | 0               |
+----+------+---------+------+---------+-----+---------------+-----------------+
| 43 | 48   | 45      | 0    | 1       | 47  | 1             | 1               |
+----+------+---------+------+---------+-----+---------------+-----------------+
| 45 | 48   | 55      | 0    | 2       | 47  | 1             | 1               |
+----+------+---------+------+---------+-----+---------------+-----------------+
| 47 | 48   | 55      | 0    | 1       | 48  | 2             | 0               |
+----+------+---------+------+---------+-----+---------------+-----------------+
| 48 | 53   | 55      | 0    | 1       | 52  | 1             | 0               |
+----+------+---------+------+---------+-----+---------------+-----------------+
| 52 | 53   | 55      | 0    | 0       | 54  | 2             | 0               |
+----+------+---------+------+---------+-----+---------------+-----------------+
