+---------+---------+---------+------+---------+---------+----------+----------+
|   MC    |  RTCL   | nonRTCL | n_RT | n_nonRT |   SCL   |  Server  |   Pre-   |
|         |         |         |      |         |         |  Status  | empted r |
|         |         |         |      |         |         |          | emaining |
|         |         |         |      |         |         |          | service  |
|         |         |         |      |         |         |          |   time   |
+=========+=========+=========+======+=========+=========+==========+==========+
| 0       | 3       | 5       | 0    | 0       | 4       | 2        | 0        |
+---------+---------+---------+------+---------+---------+----------+----------+
| 3       | 22.264  | 5       | 0    | 1       | 6.853   | 1        | 1        |
+---------+---------+---------+------+---------+---------+----------+----------+
| 5       | 22.264  | 8.938   | 0    | 2       | 6.853   | 1        | 1        |
+---------+---------+---------+------+---------+---------+----------+----------+
| 6.853   | 22.264  | 8.938   | 0    | 1       | 7.853   | 2        | 0        |
+---------+---------+---------+------+---------+---------+----------+----------+
| 7.853   | 22.264  | 8.938   | 0    | 0       | 9.248   | 2        | 0        |
+---------+---------+---------+------+---------+---------+----------+----------+
| 8.938   | 22.264  | 10.498  | 0    | 1       | 9.248   | 2        | 0        |
+---------+---------+---------+------+---------+---------+----------+----------+
| 9.248   | 22.264  | 10.498  | 0    | 0       | 12.591  | 2        | 0        |
+---------+---------+---------+------+---------+---------+----------+----------+
| 10.498  | 22.264  | 11.614  | 0    | 1       | 12.591  | 2        | 0        |
+---------+---------+---------+------+---------+---------+----------+----------+
| 11.614  | 22.264  | 14.761  | 0    | 2       | 12.591  | 2        | 0        |
+---------+---------+---------+------+---------+---------+----------+----------+
| 12.591  | 22.264  | 14.761  | 0    | 1       | 22.687  | 2        | 0        |
+---------+---------+---------+------+---------+---------+----------+----------+
| 14.761  | 22.264  | 18.688  | 0    | 2       | 22.687  | 2        | 0        |
+---------+---------+---------+------+---------+---------+----------+----------+
| 18.688  | 22.264  | 33.882  | 0    | 3       | 22.687  | 2        | 0        |
+---------+---------+---------+------+---------+---------+----------+----------+
| 22.264  | 22.958  | 33.882  | 0    | 4       | 22.403  | 1        | 0.423    |
+---------+---------+---------+------+---------+---------+----------+----------+
| 22.403  | 22.958  | 33.882  | 0    | 3       | 22.825  | 2        | 0        |
+---------+---------+---------+------+---------+---------+----------+----------+
| 22.825  | 22.958  | 33.882  | 0    | 2       | 27.196  | 2        | 0        |
+---------+---------+---------+------+---------+---------+----------+----------+
| 22.958  | 34.689  | 33.882  | 0    | 3       | 25.304  | 1        | 4.238    |
+---------+---------+---------+------+---------+---------+----------+----------+
| 25.304  | 34.689  | 33.882  | 0    | 2       | 29.542  | 2        | 0        |
+---------+---------+---------+------+---------+---------+----------+----------+
| 29.542  | 34.689  | 33.882  | 0    | 1       | 35.903  | 2        | 0        |
+---------+---------+---------+------+---------+---------+----------+----------+
| 33.882  | 34.689  | 42.499  | 0    | 2       | 35.903  | 2        | 0        |
+---------+---------+---------+------+---------+---------+----------+----------+
| 34.689  | 51.371  | 42.499  | 0    | 3       | 38.025  | 1        | 1.214    |
+---------+---------+---------+------+---------+---------+----------+----------+
| 38.025  | 51.371  | 42.499  | 0    | 2       | 39.239  | 2        | 0        |
+---------+---------+---------+------+---------+---------+----------+----------+
| 39.239  | 51.371  | 42.499  | 0    | 1       | 41.111  | 2        | 0        |
+---------+---------+---------+------+---------+---------+----------+----------+
| 41.111  | 51.371  | 42.499  | 0    | 0       | 41.260  | 2        | 0        |
+---------+---------+---------+------+---------+---------+----------+----------+
| 42.499  | 51.371  | 50.283  | 0    | 0       | 48.726  | 2        | 0        |
+---------+---------+---------+------+---------+---------+----------+----------+
| 50.283  | 51.371  | 50.507  | 0    | 0       | 50.462  | 2        | 0        |
+---------+---------+---------+------+---------+---------+----------+----------+
| 50.507  | 51.371  | 53.447  | 0    | 0       | 52.859  | 2        | 0        |
+---------+---------+---------+------+---------+---------+----------+----------+
| 51.371  | 52.411  | 53.447  | 0    | 1       | 51.579  | 1        | 1.489    |
+---------+---------+---------+------+---------+---------+----------+----------+
| 51.579  | 52.411  | 53.447  | 0    | 0       | 53.068  | 2        | 0        |
+---------+---------+---------+------+---------+---------+----------+----------+
| 52.411  | 70.711  | 53.447  | 0    | 1       | 56.071  | 1        | 0.656    |
+---------+---------+---------+------+---------+---------+----------+----------+
| 53.447  | 70.711  | 55.613  | 0    | 2       | 56.071  | 1        | 0.656    |
+---------+---------+---------+------+---------+---------+----------+----------+
| 55.613  | 70.711  | 66.046  | 0    | 3       | 56.071  | 1        | 0.656    |
+---------+---------+---------+------+---------+---------+----------+----------+
| 56.071  | 70.711  | 66.046  | 0    | 2       | 56.727  | 2        | 0        |
+---------+---------+---------+------+---------+---------+----------+----------+
| 56.727  | 70.711  | 66.046  | 0    | 1       | 60.438  | 2        | 0        |
+---------+---------+---------+------+---------+---------+----------+----------+
| 60.438  | 70.711  | 66.046  | 0    | 0       | 61.465  | 2        | 0        |
+---------+---------+---------+------+---------+---------+----------+----------+
| 66.046  | 70.711  | 68.891  | 0    | 0       | 68.322  | 2        | 0        |
+---------+---------+---------+------+---------+---------+----------+----------+
| 68.891  | 70.711  | 77.125  | 0    | 0       | 75.478  | 2        | 0        |
+---------+---------+---------+------+---------+---------+----------+----------+
| 70.711  | 72.440  | 77.125  | 0    | 1       | 71.057  | 1        | 4.767    |
+---------+---------+---------+------+---------+---------+----------+----------+
| 71.057  | 72.440  | 77.125  | 0    | 0       | 75.824  | 2        | 0        |
+---------+---------+---------+------+---------+---------+----------+----------+
| 72.440  | 86.828  | 77.125  | 0    | 1       | 75.318  | 1        | 3.384    |
+---------+---------+---------+------+---------+---------+----------+----------+
| 75.318  | 86.828  | 77.125  | 0    | 0       | 78.702  | 2        | 0        |
+---------+---------+---------+------+---------+---------+----------+----------+
| 77.125  | 86.828  | 79.374  | 0    | 1       | 78.702  | 2        | 0        |
+---------+---------+---------+------+---------+---------+----------+----------+
| 78.702  | 86.828  | 79.374  | 0    | 0       | 79.113  | 2        | 0        |
+---------+---------+---------+------+---------+---------+----------+----------+
| 79.374  | 86.828  | 89.707  | 0    | 0       | 87.640  | 2        | 0        |
+---------+---------+---------+------+---------+---------+----------+----------+
| 86.828  | 92.735  | 89.707  | 0    | 1       | 88.009  | 1        | 0.812    |
+---------+---------+---------+------+---------+---------+----------+----------+
| 88.009  | 92.735  | 89.707  | 0    | 0       | 88.822  | 2        | 0        |
+---------+---------+---------+------+---------+---------+----------+----------+
| 89.707  | 92.735  | 92.186  | 0    | 0       | 91.690  | 2        | 0        |
+---------+---------+---------+------+---------+---------+----------+----------+
| 92.186  | 92.735  | 93.847  | 0    | 0       | 93.515  | 2        | 0        |
+---------+---------+---------+------+---------+---------+----------+----------+
| 92.735  | 95.284  | 93.847  | 0    | 1       | 93.245  | 1        | 0.780    |
+---------+---------+---------+------+---------+---------+----------+----------+
| 93.245  | 95.284  | 93.847  | 0    | 0       | 94.025  | 2        | 0        |
+---------+---------+---------+------+---------+---------+----------+----------+
| 93.847  | 95.284  | 100.039 | 0    | 1       | 94.025  | 2        | 0        |
+---------+---------+---------+------+---------+---------+----------+----------+
| 94.025  | 95.284  | 100.039 | 0    | 0       | 96.133  | 2        | 0        |
+---------+---------+---------+------+---------+---------+----------+----------+
| 95.284  | 101.667 | 100.039 | 0    | 1       | 96.561  | 1        | 0.849    |
+---------+---------+---------+------+---------+---------+----------+----------+
| 96.561  | 101.667 | 100.039 | 0    | 0       | 97.409  | 2        | 0        |
+---------+---------+---------+------+---------+---------+----------+----------+
| 100.039 | 101.667 | 100.827 | 0    | 0       | 100.669 | 2        | 0        |
+---------+---------+---------+------+---------+---------+----------+----------+
| 100.827 | 101.667 | 105.894 | 0    | 0       | 104.881 | 2        | 0        |
+---------+---------+---------+------+---------+---------+----------+----------+
| 101.667 | 108.933 | 105.894 | 0    | 1       | 103.121 | 1        | 3.213    |
+---------+---------+---------+------+---------+---------+----------+----------+
| 103.121 | 108.933 | 105.894 | 0    | 0       | 106.334 | 2        | 0        |
+---------+---------+---------+------+---------+---------+----------+----------+
| 105.894 | 108.933 | 106.924 | 0    | 1       | 106.334 | 2        | 0        |
+---------+---------+---------+------+---------+---------+----------+----------+
| 106.334 | 108.933 | 106.924 | 0    | 0       | 106.798 | 2        | 0        |
+---------+---------+---------+------+---------+---------+----------+----------+
| 106.924 | 108.933 | 109.066 | 0    | 0       | 108.638 | 2        | 0        |
+---------+---------+---------+------+---------+---------+----------+----------+
| 108.933 | 122.695 | 109.066 | 0    | 0       | 111.686 | 1        | 0        |
+---------+---------+---------+------+---------+---------+----------+----------+
| 109.066 | 122.695 | 109.894 | 0    | 1       | 111.686 | 1        | 0        |
+---------+---------+---------+------+---------+---------+----------+----------+
| 109.894 | 122.695 | 110.370 | 0    | 2       | 111.686 | 1        | 0        |
+---------+---------+---------+------+---------+---------+----------+----------+
| 110.370 | 122.695 | 112.049 | 0    | 3       | 111.686 | 1        | 0        |
+---------+---------+---------+------+---------+---------+----------+----------+
| 111.686 | 122.695 | 112.049 | 0    | 2       | 112.747 | 2        | 0        |
+---------+---------+---------+------+---------+---------+----------+----------+
| 112.049 | 122.695 | 115.381 | 0    | 3       | 112.747 | 2        | 0        |
+---------+---------+---------+------+---------+---------+----------+----------+
| 112.747 | 122.695 | 115.381 | 0    | 2       | 115.572 | 2        | 0        |
+---------+---------+---------+------+---------+---------+----------+----------+
| 115.381 | 122.695 | 118.081 | 0    | 3       | 115.572 | 2        | 0        |
+---------+---------+---------+------+---------+---------+----------+----------+
| 115.572 | 122.695 | 118.081 | 0    | 2       | 123.236 | 2        | 0        |
+---------+---------+---------+------+---------+---------+----------+----------+
| 118.081 | 122.695 | 120.039 | 0    | 3       | 123.236 | 2        | 0        |
+---------+---------+---------+------+---------+---------+----------+----------+
| 120.039 | 122.695 | 120.786 | 0    | 4       | 123.236 | 2        | 0        |
+---------+---------+---------+------+---------+---------+----------+----------+
| 120.786 | 122.695 | 129.804 | 0    | 5       | 123.236 | 2        | 0        |
+---------+---------+---------+------+---------+---------+----------+----------+
| 122.695 | 125.521 | 129.804 | 0    | 6       | 123.260 | 1        | 0.541    |
+---------+---------+---------+------+---------+---------+----------+----------+
| 123.260 | 125.521 | 129.804 | 0    | 5       | 123.801 | 2        | 0        |
+---------+---------+---------+------+---------+---------+----------+----------+
| 123.801 | 125.521 | 129.804 | 0    | 4       | 132.249 | 2        | 0        |
+---------+---------+---------+------+---------+---------+----------+----------+
| 125.521 | 155.335 | 129.804 | 0    | 5       | 131.483 | 1        | 6.728    |
+---------+---------+---------+------+---------+---------+----------+----------+
| 129.804 | 155.335 | 132.396 | 0    | 6       | 131.483 | 1        | 6.728    |
+---------+---------+---------+------+---------+---------+----------+----------+
| 131.483 | 155.335 | 132.396 | 0    | 5       | 138.212 | 2        | 0        |
+---------+---------+---------+------+---------+---------+----------+----------+
| 132.396 | 155.335 | 138.255 | 0    | 6       | 138.212 | 2        | 0        |
+---------+---------+---------+------+---------+---------+----------+----------+
| 138.212 | 155.335 | 138.255 | 0    | 5       | 140.116 | 2        | 0        |
+---------+---------+---------+------+---------+---------+----------+----------+
| 138.255 | 155.335 | 140.402 | 0    | 6       | 140.116 | 2        | 0        |
+---------+---------+---------+------+---------+---------+----------+----------+
| 140.116 | 155.335 | 140.402 | 0    | 5       | 141.274 | 2        | 0        |
+---------+---------+---------+------+---------+---------+----------+----------+
| 140.402 | 155.335 | 143.228 | 0    | 6       | 141.274 | 2        | 0        |
+---------+---------+---------+------+---------+---------+----------+----------+
| 141.274 | 155.335 | 143.228 | 0    | 5       | 145.663 | 2        | 0        |
+---------+---------+---------+------+---------+---------+----------+----------+
| 143.228 | 155.335 | 165.128 | 0    | 6       | 145.663 | 2        | 0        |
+---------+---------+---------+------+---------+---------+----------+----------+
| 145.663 | 155.335 | 165.128 | 0    | 5       | 154.348 | 2        | 0        |
+---------+---------+---------+------+---------+---------+----------+----------+
| 154.348 | 155.335 | 165.128 | 0    | 4       | 160.932 | 2        | 0        |
+---------+---------+---------+------+---------+---------+----------+----------+
| 155.335 | 161.773 | 165.128 | 0    | 5       | 156.622 | 1        | 5.597    |
+---------+---------+---------+------+---------+---------+----------+----------+
| 156.622 | 161.773 | 165.128 | 0    | 4       | 162.220 | 2        | 0        |
+---------+---------+---------+------+---------+---------+----------+----------+
| 161.773 | 177.420 | 165.128 | 0    | 5       | 164.902 | 1        | 0.447    |
+---------+---------+---------+------+---------+---------+----------+----------+
| 164.902 | 177.420 | 165.128 | 0    | 4       | 165.349 | 2        | 0        |
+---------+---------+---------+------+---------+---------+----------+----------+
| 165.128 | 177.420 | 165.456 | 0    | 5       | 165.349 | 2        | 0        |
+---------+---------+---------+------+---------+---------+----------+----------+
| 165.349 | 177.420 | 165.456 | 0    | 4       | 169.008 | 2        | 0        |
+---------+---------+---------+------+---------+---------+----------+----------+
| 165.456 | 177.420 | 167.146 | 0    | 5       | 169.008 | 2        | 0        |
+---------+---------+---------+------+---------+---------+----------+----------+
| 167.146 | 177.420 | 169.549 | 0    | 6       | 169.008 | 2        | 0        |
+---------+---------+---------+------+---------+---------+----------+----------+
| 169.008 | 177.420 | 169.549 | 0    | 5       | 170.672 | 2        | 0        |
+---------+---------+---------+------+---------+---------+----------+----------+
| 169.549 | 177.420 | 173.253 | 0    | 6       | 170.672 | 2        | 0        |
+---------+---------+---------+------+---------+---------+----------+----------+
| 170.672 | 177.420 | 173.253 | 0    | 5       | 173.099 | 2        | 0        |
+---------+---------+---------+------+---------+---------+----------+----------+
| 173.099 | 177.420 | 173.253 | 0    | 4       | 174.521 | 2        | 0        |
+---------+---------+---------+------+---------+---------+----------+----------+
| 173.253 | 177.420 | 182.381 | 0    | 5       | 174.521 | 2        | 0        |
+---------+---------+---------+------+---------+---------+----------+----------+
| 174.521 | 177.420 | 182.381 | 0    | 4       | 175.420 | 2        | 0        |
+---------+---------+---------+------+---------+---------+----------+----------+
| 175.420 | 177.420 | 182.381 | 0    | 3       | 175.964 | 2        | 0        |
+---------+---------+---------+------+---------+---------+----------+----------+
| 175.964 | 177.420 | 182.381 | 0    | 2       | 188.186 | 2        | 0        |
+---------+---------+---------+------+---------+---------+----------+----------+
| 177.420 | 193.609 | 182.381 | 0    | 3       | 180.658 | 1        | 10.766   |
+---------+---------+---------+------+---------+---------+----------+----------+
| 180.658 | 193.609 | 182.381 | 0    | 2       | 191.424 | 2        | 0        |
+---------+---------+---------+------+---------+---------+----------+----------+
| 182.381 | 193.609 | 194.185 | 0    | 3       | 191.424 | 2        | 0        |
+---------+---------+---------+------+---------+---------+----------+----------+
| 191.424 | 193.609 | 194.185 | 0    | 2       | 199.289 | 2        | 0        |
+---------+---------+---------+------+---------+---------+----------+----------+
| 193.609 | 198.049 | 194.185 | 0    | 3       | 194.497 | 1        | 5.680    |
+---------+---------+---------+------+---------+---------+----------+----------+
| 194.185 | 198.049 | 204.662 | 0    | 4       | 194.497 | 1        | 5.680    |
+---------+---------+---------+------+---------+---------+----------+----------+
| 194.497 | 198.049 | 204.662 | 0    | 3       | 200.177 | 2        | 0        |
+---------+---------+---------+------+---------+---------+----------+----------+
| 198.049 | 198.606 | 204.662 | 0    | 4       | 198.161 | 1        | 2.127    |
+---------+---------+---------+------+---------+---------+----------+----------+
| 198.161 | 198.606 | 204.662 | 0    | 3       | 200.288 | 2        | 0        |
+---------+---------+---------+------+---------+---------+----------+----------+
| 198.606 | 204.758 | 204.662 | 0    | 4       | 199.837 | 1        | 1.682    |
+---------+---------+---------+------+---------+---------+----------+----------+
| 199.837 | 204.758 | 204.662 | 0    | 3       | 201.519 | 2        | 0        |
+---------+---------+---------+------+---------+---------+----------+----------+
| 201.519 | 204.758 | 204.662 | 0    | 2       | 205.791 | 2        | 0        |
+---------+---------+---------+------+---------+---------+----------+----------+
