MC, RTCL, nonRTCL, n_RT, n_nonRT, SCL, Status, Preempted
0, 3, 5, 0, 0, 4, 2, 0
3.0, 13.0, 5.0, 0, 1, 5.0, 1, 1.0
5.0, 13.0, 10.0, 0, 2, 5.0, 1, 1.0
5.0, 13.0, 10.0, 0, 1, 6.0, 2, 0.0
6.0, 13.0, 10.0, 0, 0, 10.0, 2, 0.0
10.0, 13.0, 15.0, 0, 1, 10.0, 2, 0.0
10.0, 13.0, 15.0, 0, 0, 14.0, 2, 0.0
13.0, 23.0, 15.0, 0, 1, 15.0, 1, 1.0
15.0, 23.0, 20.0, 0, 2, 15.0, 1, 1.0
15.0, 23.0, 20.0, 0, 1, 16.0, 2, 0.0
16.0, 23.0, 20.0, 0, 0, 20.0, 2, 0.0
20.0, 23.0, 25.0, 0, 1, 20.0, 2, 0.0
20.0, 23.0, 25.0, 0, 0, 24.0, 2, 0.0
23.0, 33.0, 25.0, 0, 1, 25.0, 1, 1.0
25.0, 33.0, 30.0, 0, 2, 25.0, 1, 1.0
25.0, 33.0, 30.0, 0, 1, 26.0, 2, 0.0
26.0, 33.0, 30.0, 0, 0, 30.0, 2, 0.0
30.0, 33.0, 35.0, 0, 1, 30.0, 2, 0.0
30.0, 33.0, 35.0, 0, 0, 34.0, 2, 0.0
33.0, 43.0, 35.0, 0, 1, 35.0, 1, 1.0
35.0, 43.0, 40.0, 0, 2, 35.0, 1, 1.0
35.0, 43.0, 40.0, 0, 1, 36.0, 2, 0.0
36.0, 43.0, 40.0, 0, 0, 40.0, 2, 0.0
40.0, 43.0, 45.0, 0, 1, 40.0, 2, 0.0
40.0, 43.0, 45.0, 0, 0, 44.0, 2, 0.0
43.0, 53.0, 45.0, 0, 1, 45.0, 1, 1.0
45.0, 53.0, 50.0, 0, 2, 45.0, 1, 1.0
45.0, 53.0, 50.0, 0, 1, 46.0, 2, 0.0
46.0, 53.0, 50.0, 0, 0, 50.0, 2, 0.0
50.0, 53.0, 55.0, 0, 1, 50.0, 2, 0.0
50.0, 53.0, 55.0, 0, 0, 54.0, 2, 0.0
53.0, 63.0, 55.0, 0, 1, 55.0, 1, 1.0
55.0, 63.0, 60.0, 0, 2, 55.0, 1, 1.0
55.0, 63.0, 60.0, 0, 1, 56.0, 2, 0.0
56.0, 63.0, 60.0, 0, 0, 60.0, 2, 0.0
60.0, 63.0, 65.0, 0, 1, 60.0, 2, 0.0
60.0, 63.0, 65.0, 0, 0, 64.0, 2, 0.0
63.0, 73.0, 65.0, 0, 1, 65.0, 1, 1.0
65.0, 73.0, 70.0, 0, 2, 65.0, 1, 1.0
65.0, 73.0, 70.0, 0, 1, 66.0, 2, 0.0
66.0, 73.0, 70.0, 0, 0, 70.0, 2, 0.0
70.0, 73.0, 75.0, 0, 1, 70.0, 2, 0.0
70.0, 73.0, 75.0, 0, 0, 74.0, 2, 0.0
73.0, 83.0, 75.0, 0, 1, 75.0, 1, 1.0
75.0, 83.0, 80.0, 0, 2, 75.0, 1, 1.0
75.0, 83.0, 80.0, 0, 1, 76.0, 2, 0.0
76.0, 83.0, 80.0, 0, 0, 80.0, 2, 0.0
80.0, 83.0, 85.0, 0, 1, 80.0, 2, 0.0
80.0, 83.0, 85.0, 0, 0, 84.0, 2, 0.0
83.0, 93.0, 85.0, 0, 1, 85.0, 1, 1.0
85.0, 93.0, 90.0, 0, 2, 85.0, 1, 1.0
85.0, 93.0, 90.0, 0, 1, 86.0, 2, 0.0
86.0, 93.0, 90.0, 0, 0, 90.0, 2, 0.0
90.0, 93.0, 95.0, 0, 1, 90.0, 2, 0.0
90.0, 93.0, 95.0, 0, 0, 94.0, 2, 0.0
93.0, 103.0, 95.0, 0, 1, 95.0, 1, 1.0
95.0, 103.0, 100.0, 0, 2, 95.0, 1, 1.0
95.0, 103.0, 100.0, 0, 1, 96.0, 2, 0.0
96.0, 103.0, 100.0, 0, 0, 100.0, 2, 0.0
100.0, 103.0, 105.0, 0, 1, 100.0, 2, 0.0
100.0, 103.0, 105.0, 0, 0, 104.0, 2, 0.0
103.0, 113.0, 105.0, 0, 1, 105.0, 1, 1.0
105.0, 113.0, 110.0, 0, 2, 105.0, 1, 1.0
105.0, 113.0, 110.0, 0, 1, 106.0, 2, 0.0
106.0, 113.0, 110.0, 0, 0, 110.0, 2, 0.0
110.0, 113.0, 115.0, 0, 1, 110.0, 2, 0.0
110.0, 113.0, 115.0, 0, 0, 114.0, 2, 0.0
113.0, 123.0, 115.0, 0, 1, 115.0, 1, 1.0
115.0, 123.0, 120.0, 0, 2, 115.0, 1, 1.0
115.0, 123.0, 120.0, 0, 1, 116.0, 2, 0.0
116.0, 123.0, 120.0, 0, 0, 120.0, 2, 0.0
120.0, 123.0, 125.0, 0, 1, 120.0, 2, 0.0
120.0, 123.0, 125.0, 0, 0, 124.0, 2, 0.0
123.0, 133.0, 125.0, 0, 1, 125.0, 1, 1.0
125.0, 133.0, 130.0, 0, 2, 125.0, 1, 1.0
125.0, 133.0, 130.0, 0, 1, 126.0, 2, 0.0
126.0, 133.0, 130.0, 0, 0, 130.0, 2, 0.0
130.0, 133.0, 135.0, 0, 1, 130.0, 2, 0.0
130.0, 133.0, 135.0, 0, 0, 134.0, 2, 0.0
133.0, 143.0, 135.0, 0, 1, 135.0, 1, 1.0
135.0, 143.0, 140.0, 0, 2, 135.0, 1, 1.0
135.0, 143.0, 140.0, 0, 1, 136.0, 2, 0.0
136.0, 143.0, 140.0, 0, 0, 140.0, 2, 0.0
140.0, 143.0, 145.0, 0, 1, 140.0, 2, 0.0
140.0, 143.0, 145.0, 0, 0, 144.0, 2, 0.0
143.0, 153.0, 145.0, 0, 1, 145.0, 1, 1.0
145.0, 153.0, 150.0, 0, 2, 145.0, 1, 1.0
145.0, 153.0, 150.0, 0, 1, 146.0, 2, 0.0
146.0, 153.0, 150.0, 0, 0, 150.0, 2, 0.0
150.0, 153.0, 155.0, 0, 1, 150.0, 2, 0.0
150.0, 153.0, 155.0, 0, 0, 154.0, 2, 0.0
153.0, 163.0, 155.0, 0, 1, 155.0, 1, 1.0
155.0, 163.0, 160.0, 0, 2, 155.0, 1, 1.0
155.0, 163.0, 160.0, 0, 1, 156.0, 2, 0.0
156.0, 163.0, 160.0, 0, 0, 160.0, 2, 0.0
160.0, 163.0, 165.0, 0, 1, 160.0, 2, 0.0
160.0, 163.0, 165.0, 0, 0, 164.0, 2, 0.0
163.0, 173.0, 165.0, 0, 1, 165.0, 1, 1.0
165.0, 173.0, 170.0, 0, 2, 165.0, 1, 1.0
165.0, 173.0, 170.0, 0, 1, 166.0, 2, 0.0
166.0, 173.0, 170.0, 0, 0, 170.0, 2, 0.0
170.0, 173.0, 175.0, 0, 1, 170.0, 2, 0.0
170.0, 173.0, 175.0, 0, 0, 174.0, 2, 0.0
173.0, 183.0, 175.0, 0, 1, 175.0, 1, 1.0
175.0, 183.0, 180.0, 0, 2, 175.0, 1, 1.0
175.0, 183.0, 180.0, 0, 1, 176.0, 2, 0.0
176.0, 183.0, 180.0, 0, 0, 180.0, 2, 0.0
180.0, 183.0, 185.0, 0, 1, 180.0, 2, 0.0
180.0, 183.0, 185.0, 0, 0, 184.0, 2, 0.0
183.0, 193.0, 185.0, 0, 1, 185.0, 1, 1.0
185.0, 193.0, 190.0, 0, 2, 185.0, 1, 1.0
185.0, 193.0, 190.0, 0, 1, 186.0, 2, 0.0
186.0, 193.0, 190.0, 0, 0, 190.0, 2, 0.0
190.0, 193.0, 195.0, 0, 1, 190.0, 2, 0.0
190.0, 193.0, 195.0, 0, 0, 194.0, 2, 0.0
193.0, 203.0, 195.0, 0, 1, 195.0, 1, 1.0
195.0, 203.0, 200.0, 0, 2, 195.0, 1, 1.0
195.0, 203.0, 200.0, 0, 1, 196.0, 2, 0.0
196.0, 203.0, 200.0, 0, 0, 200.0, 2, 0.0
200.0, 203.0, 205.0, 0, 1, 200.0, 2, 0.0
